[[ 1.13967907e-05]
 [-1.58006540e-06]
 [-2.66366554e-06]
 [ 4.90854268e-06]
 [-1.46326250e-02]
 [-2.61819055e-02]
 [ 5.97774322e-02]
 [-5.54863675e-02]]

[[ 1.73845416e-05]
 [-2.32181485e-06]
 [-2.98431570e-06]
 [ 4.48534748e-06]
 [-1.12558168e-02]
 [-2.61874018e-02]
 [ 5.49654585e-02]
 [-4.25612696e-02]]

[[ 1.99025186e-05]
 [-5.67936066e-06]
 [-4.58387898e-06]
 [ 4.49488981e-06]
 [-6.66783792e-03]
 [-1.89094513e-02]
 [ 4.33860074e-02]
 [-2.86428554e-02]]

[[ 2.09489498e-05]
 [-3.24118723e-06]
 [-3.98867855e-06]
 [ 3.13635794e-06]
 [-5.46908880e-03]
 [-9.84009150e-03]
 [ 2.76791278e-02]
 [-1.62839381e-02]]

[[ 1.80390439e-05]
 [-2.76600156e-06]
 [-4.03477617e-06]
 [ 2.81943758e-06]
 [-6.88283558e-03]
 [-5.49414969e-03]
 [ 1.23722921e-02]
 [-1.04798949e-02]]

[[ 1.86753703e-05]
 [-2.81822178e-06]
 [-3.82281381e-06]
 [ 2.42335620e-06]
 [-7.67791576e-03]
 [-3.51698545e-03]
 [-2.62613460e-03]
 [-7.89133233e-03]]

[[ 1.70957496e-05]
 [-2.80535273e-06]
 [-3.77893586e-06]
 [ 2.24477775e-06]
 [-9.13462966e-03]
 [-2.67117652e-03]
 [-1.73627243e-02]
 [-8.86392046e-03]]

[[ 2.08180218e-05]
 [-4.71293222e-06]
 [-3.02416079e-06]
 [ 8.05417448e-07]
 [-9.64007306e-03]
 [-5.67897315e-03]
 [-3.23187715e-02]
 [-1.17573295e-02]]

[[ 1.37496179e-05]
 [-2.99217276e-06]
 [-2.38343258e-06]
 [ 1.13407317e-06]
 [-7.15034366e-03]
 [-1.00975065e-02]
 [-4.99412559e-02]
 [-2.14834171e-02]]

[[ 1.28828688e-05]
 [-2.56636569e-06]
 [-2.04406062e-06]
 [ 1.53565705e-06]
 [-3.17757105e-03]
 [-1.08182437e-02]
 [-6.22542187e-02]
 [-3.57534995e-02]]

[[ 1.80507443e-05]
 [-3.32351457e-06]
 [-1.95054597e-06]
 [ 1.71799636e-06]
 [-1.56215927e-03]
 [-9.65315660e-03]
 [-7.02238960e-02]
 [-4.70613764e-02]]

[[ 1.72766911e-05]
 [-3.22332261e-06]
 [-1.87601506e-06]
 [ 1.87676578e-06]
 [-4.19539153e-04]
 [-8.50732528e-03]
 [-7.82973772e-02]
 [-5.90916996e-02]]

[[ 1.75377121e-05]
 [-3.48012426e-06]
 [-1.74307869e-06]
 [ 1.93941679e-06]
 [-3.12511187e-05]
 [-7.55005851e-03]
 [-8.48675939e-02]
 [-7.06230507e-02]]

[[ 1.61118022e-05]
 [-3.52755201e-06]
 [-1.57987716e-06]
 [ 1.99598430e-06]
 [ 2.76919033e-04]
 [-6.20659327e-03]
 [-8.86510781e-02]
 [-8.13263161e-02]]

[[ 1.08752168e-05]
 [-3.38091366e-06]
 [-1.29772516e-06]
 [ 2.02465286e-06]
 [-5.67494103e-04]
 [-2.32991517e-03]
 [-8.44992601e-02]
 [-9.08381720e-02]]

[[ 1.12471756e-06]
 [-2.78201367e-06]
 [-1.08371152e-06]
 [ 2.00314025e-06]
 [-1.10044294e-02]
 [ 5.95937697e-03]
 [-5.61152662e-02]
 [-9.25030222e-02]]

[[-1.78745546e-05]
 [-1.78211269e-06]
 [-2.18941828e-06]
 [ 3.87017784e-07]
 [-1.34859074e-02]
 [-2.97052463e-03]
 [-6.86016385e-02]
 [-7.83715479e-02]]

[[-1.25248239e-05]
 [-7.48133775e-07]
 [-2.65377467e-06]
 [ 1.46458673e-06]
 [-1.39114820e-02]
 [-1.10405667e-02]
 [-7.87151428e-02]
 [-8.40097630e-02]]

[[-3.73573583e-05]
 [ 2.54259639e-06]
 [-2.24694979e-06]
 [ 6.27376670e-06]
 [-1.00623641e-02]
 [-1.55993080e-02]
 [-6.73199671e-02]
 [-8.16433837e-02]]

[[-2.39334473e-05]
 [ 3.23781582e-06]
 [ 2.02782519e-06]
 [ 1.56224268e-06]
 [ 7.88391816e-03]
 [-9.35431485e-03]
 [-8.46966290e-02]
 [-6.53040415e-02]]

[[-2.08365661e-05]
 [ 5.13029601e-06]
 [ 2.68320832e-06]
 [ 2.01223082e-06]
 [ 7.22385230e-03]
 [-1.24525367e-02]
 [-8.67008104e-02]
 [-7.47412787e-02]]

[[-2.93670424e-05]
 [ 9.04339674e-07]
 [ 4.20427166e-06]
 [ 4.17201402e-06]
 [ 1.51572861e-02]
 [-1.45497588e-02]
 [-8.42271235e-02]
 [-6.36501201e-02]]

[[-1.62353954e-05]
 [ 3.03696279e-07]
 [ 4.69181568e-06]
 [ 1.86515602e-06]
 [ 3.10996737e-02]
 [-1.43492966e-02]
 [-9.88295127e-02]
 [-5.02635515e-02]]

[[-3.30881859e-05]
 [ 3.12663704e-06]
 [ 2.10977593e-06]
 [ 4.94106735e-06]
 [ 3.55606221e-02]
 [-1.02029653e-02]
 [-9.27311373e-02]
 [-4.58496136e-02]]

[[-1.75740854e-05]
 [-2.08843555e-06]
 [ 3.37794862e-06]
 [ 6.41542574e-06]
 [ 3.12714841e-02]
 [ 2.15508121e-03]
 [-1.05949591e-01]
 [-4.16046148e-02]]

[[-1.41524909e-05]
 [ 1.01297341e-06]
 [ 4.83818430e-06]
 [ 6.03092997e-06]
 [ 2.18395338e-02]
 [ 9.79346414e-03]
 [-1.04281818e-01]
 [-5.79978111e-02]]

[[-2.99013093e-05]
 [-2.78176528e-06]
 [ 5.50619955e-06]
 [ 5.77500660e-06]
 [ 2.69749252e-02]
 [ 1.03350080e-02]
 [-1.28881551e-01]
 [-5.47730035e-02]]

[[-1.75695138e-05]
 [ 7.77251049e-07]
 [ 6.26165059e-06]
 [ 5.45800319e-06]
 [ 1.69890987e-02]
 [ 2.14565125e-02]
 [-1.16682916e-01]
 [-7.21901189e-02]]

[[-2.72394013e-05]
 [ 4.55014155e-06]
 [ 5.21903971e-06]
 [ 2.46136297e-06]
 [ 1.70993835e-02]
 [ 6.15217798e-03]
 [-1.09536412e-01]
 [-3.88440696e-02]]

[[-2.45602347e-05]
 [ 8.20906970e-07]
 [ 4.24580612e-06]
 [ 1.80413898e-06]
 [ 2.87147145e-02]
 [ 8.15446135e-03]
 [-1.22038493e-01]
 [-4.82916976e-02]]

[[-2.45665868e-05]
 [-1.28213489e-06]
 [ 3.91989291e-06]
 [ 1.15971656e-06]
 [ 1.44140303e-02]
 [ 1.26487433e-02]
 [-9.08427516e-02]
 [-4.22634795e-02]]

[[-2.26687701e-05]
 [-1.15282322e-06]
 [ 3.43749708e-06]
 [ 9.02168993e-07]
 [ 2.33980612e-02]
 [ 6.22404696e-04]
 [-1.09849763e-01]
 [-3.03715015e-02]]

[[-1.26205793e-05]
 [-3.47899964e-07]
 [ 2.83012363e-06]
 [ 1.55148867e-06]
 [ 3.48469023e-02]
 [ 3.80062605e-03]
 [-1.19161187e-01]
 [-3.50545098e-02]]

[[-1.09565358e-05]
 [ 1.39081905e-06]
 [ 2.71906268e-06]
 [ 1.83247117e-06]
 [ 4.35402753e-02]
 [ 8.29586169e-03]
 [-1.21608141e-01]
 [-5.00927582e-02]]

[[-7.57813703e-06]
 [ 6.26065876e-07]
 [ 2.57296391e-06]
 [ 2.01698665e-06]
 [ 5.00477995e-02]
 [ 1.02079048e-02]
 [-1.21385807e-01]
 [-6.06900037e-02]]

[[-9.81811919e-06]
 [ 8.63876349e-07]
 [ 2.60934137e-06]
 [ 1.86966489e-06]
 [ 5.56859319e-02]
 [ 1.03907308e-02]
 [-1.22831456e-01]
 [-7.35240625e-02]]

[[-9.82582694e-06]
 [-1.82005608e-07]
 [ 2.50540679e-06]
 [ 1.74443366e-06]
 [ 6.28411766e-02]
 [ 9.93237890e-03]
 [-1.22289954e-01]
 [-8.76073324e-02]]

[[-1.07263578e-05]
 [-4.30764503e-07]
 [ 2.49354709e-06]
 [ 1.63314507e-06]
 [ 6.90063478e-02]
 [ 9.16865218e-03]
 [-1.22369378e-01]
 [-9.96947526e-02]]

[[-1.30449358e-05]
 [ 7.55474083e-07]
 [ 2.84191617e-06]
 [ 1.57886008e-06]
 [ 7.44345919e-02]
 [ 2.33126936e-03]
 [-1.22967067e-01]
 [-1.14628891e-01]]

[[-1.82897980e-05]
 [ 3.89652457e-06]
 [ 3.90914849e-06]
 [ 1.19891242e-06]
 [ 6.90750945e-02]
 [-1.43916277e-02]
 [-1.27049380e-01]
 [-1.38363348e-01]]

[[-1.56788295e-05]
 [-2.42017812e-06]
 [ 3.13099595e-06]
 [ 1.54002620e-06]
 [ 5.98227561e-02]
 [-3.21863397e-02]
 [-1.30989838e-01]
 [-1.63730274e-01]]

[[-1.78747953e-05]
 [-4.32915478e-06]
 [ 3.09504328e-06]
 [ 1.80475166e-06]
 [ 4.96152140e-02]
 [-4.72784853e-02]
 [-1.38968638e-01]
 [-1.88252055e-01]]

[[-1.87542121e-05]
 [-2.19935784e-06]
 [ 4.12803191e-06]
 [ 2.18448889e-06]
 [ 3.42749465e-02]
 [-5.34613154e-02]
 [-1.57176899e-01]
 [-2.04671280e-01]]

[[-3.01258498e-05]
 [-7.85912316e-07]
 [ 4.10113446e-06]
 [ 2.41890111e-06]
 [ 1.50982421e-02]
 [-4.67323031e-02]
 [-1.90218319e-01]
 [-2.24567207e-01]]

[[-3.16430058e-05]
 [ 3.55136521e-06]
 [ 2.82188712e-06]
 [ 2.33307619e-06]
 [ 1.99577363e-02]
 [-2.48462839e-02]
 [-2.24247581e-01]
 [-2.15295698e-01]]

[[-2.62814025e-05]
 [ 4.20220740e-06]
 [ 2.73483341e-06]
 [ 3.89814437e-06]
 [ 2.85747372e-02]
 [-3.98109334e-02]
 [-2.45103399e-01]
 [-1.89515874e-01]]

[[-6.86708239e-06]
 [-4.25504589e-06]
 [ 2.25107560e-06]
 [ 4.21484600e-06]
 [ 2.42365717e-02]
 [-6.45235294e-02]
 [-2.16025772e-01]
 [-1.58974375e-01]]

[[-3.55837482e-06]
 [-4.60522740e-06]
 [ 2.46679156e-06]
 [ 4.52040558e-06]
 [ 4.04812873e-03]
 [-6.15113262e-02]
 [-1.69647650e-01]
 [-1.61617565e-01]]

[[-5.60725420e-06]
 [ 5.52084143e-06]
 [ 7.63507181e-06]
 [ 2.95539994e-06]
 [ 7.11315861e-03]
 [-7.15812565e-02]
 [-1.66718455e-01]
 [-1.72709516e-01]]

[[-1.02969618e-05]
 [-2.63928566e-06]
 [ 6.17356228e-06]
 [ 2.22272697e-06]
 [-1.66082072e-03]
 [-8.25147581e-02]
 [-1.96804963e-01]
 [-1.87234509e-01]]

[[-4.06111361e-06]
 [-1.19421738e-07]
 [ 6.84948189e-06]
 [ 1.78447256e-06]
 [-3.44213632e-03]
 [-5.40634005e-02]
 [-2.08831194e-01]
 [-1.47076819e-01]]

[[-2.72730658e-06]
 [-8.21080202e-07]
 [ 4.96863993e-06]
 [-1.25232818e-07]
 [ 2.13147782e-02]
 [-6.71040975e-02]
 [-1.59753500e-01]
 [-1.31449548e-01]]

[[-2.72446869e-06]
 [-1.15385918e-06]
 [ 4.00595375e-06]
 [ 2.04731823e-07]
 [ 1.16956308e-02]
 [-7.08243923e-02]
 [-1.48523550e-01]
 [-1.50670641e-01]]

[[-5.07081593e-06]
 [-2.43341362e-06]
 [ 3.49304201e-06]
 [ 6.53130705e-07]
 [ 1.14412375e-02]
 [-4.96683894e-02]
 [-1.79046179e-01]
 [-1.62898103e-01]]

[[ 2.71931713e-05]
 [-4.89911796e-06]
 [ 2.21511757e-06]
 [ 1.02644962e-06]
 [ 1.92526425e-02]
 [-7.27330160e-02]
 [-1.39020672e-01]
 [-1.29563706e-01]]

[[ 6.72926702e-06]
 [-6.48192381e-06]
 [ 3.54842953e-06]
 [ 1.43769001e-06]
 [ 2.73004608e-03]
 [-8.05281201e-02]
 [-1.15382872e-01]
 [-1.52160144e-01]]

[[ 1.26506369e-05]
 [-3.46780603e-06]
 [ 2.88849987e-06]
 [ 2.24375278e-06]
 [ 9.01006960e-03]
 [-7.10775736e-02]
 [-1.28378439e-01]
 [-1.58457903e-01]]

[[ 1.15005710e-05]
 [ 1.68836658e-06]
 [ 5.87443113e-06]
 [ 4.19391317e-06]
 [-8.09849591e-03]
 [-8.44256880e-02]
 [-1.42687326e-01]
 [-1.26269291e-01]]

[[ 2.30878662e-05]
 [-3.62956861e-06]
 [ 5.16910595e-06]
 [ 3.98968720e-06]
 [-7.15097232e-04]
 [-6.30455336e-02]
 [-1.04820330e-01]
 [-1.44956729e-01]]

[[ 2.36739737e-05]
 [-4.35327615e-06]
 [ 4.56397685e-06]
 [ 3.91241363e-06]
 [ 1.87877010e-03]
 [-7.77853851e-02]
 [-1.25859047e-01]
 [-1.39712335e-01]]

[[ 2.05380579e-05]
 [-4.24656735e-06]
 [ 3.95227668e-06]
 [ 3.12022309e-06]
 [-1.17387972e-02]
 [-5.99246810e-02]
 [-9.77668303e-02]
 [-1.23151349e-01]]

[[ 2.06920682e-05]
 [-5.39947850e-06]
 [ 3.20519799e-06]
 [ 2.90104329e-06]
 [ 7.11369418e-04]
 [-6.13115423e-02]
 [-1.00133729e-01]
 [-1.39638803e-01]]

[[ 1.98571808e-05]
 [-4.61824701e-06]
 [ 2.97379764e-06]
 [ 2.85564223e-06]
 [-7.20493473e-03]
 [-7.04097887e-02]
 [-1.15634024e-01]
 [-1.18019394e-01]]

[[ 1.98933634e-05]
 [-5.27338357e-06]
 [ 2.44542859e-06]
 [ 2.41273684e-06]
 [-7.88109033e-03]
 [-5.17313310e-02]
 [-8.59376173e-02]
 [-1.24715190e-01]]

[[ 1.66031592e-05]
 [-5.95635435e-06]
 [ 2.22480360e-06]
 [ 2.16687459e-06]
 [-1.46555844e-04]
 [-5.91056228e-02]
 [-1.01410563e-01]
 [-1.34666220e-01]]

[[ 3.65690454e-05]
 [-4.67765745e-06]
 [ 1.33459159e-06]
 [ 3.53894266e-06]
 [-1.07500627e-02]
 [-4.80149968e-02]
 [-6.78395935e-02]
 [-1.20411702e-01]]

[[ 1.55616723e-05]
 [-6.20121616e-06]
 [ 1.37427860e-06]
 [ 1.53803446e-06]
 [-3.93027408e-03]
 [-3.68972126e-02]
 [-6.24402713e-02]
 [-1.38639308e-01]]

[[ 1.43359027e-05]
 [-6.69204127e-06]
 [ 1.31969213e-06]
 [ 1.56533824e-06]
 [ 2.73528531e-03]
 [-4.28547638e-02]
 [-7.70673438e-02]
 [-1.51241889e-01]]

[[ 3.05759202e-05]
 [-5.65165472e-06]
 [ 6.87239255e-07]
 [ 2.78877828e-06]
 [-2.03630431e-03]
 [-3.55795277e-02]
 [-5.29351495e-02]
 [-1.46675763e-01]]

[[ 2.19657968e-05]
 [-5.76619588e-06]
 [ 7.70190505e-07]
 [ 2.18591423e-06]
 [ 2.21281000e-03]
 [-3.39749686e-02]
 [-5.63757153e-02]
 [-1.59863725e-01]]

[[ 2.11887660e-05]
 [-5.38138334e-06]
 [ 9.05434918e-07]
 [ 2.21821149e-06]
 [ 1.37480664e-04]
 [-3.87313629e-02]
 [-7.06639403e-02]
 [-1.48605206e-01]]

[[ 2.09249912e-05]
 [-5.20628413e-06]
 [ 1.05925326e-06]
 [ 1.95710687e-06]
 [-5.50092092e-03]
 [-2.60671285e-02]
 [-3.92563406e-02]
 [-1.42481761e-01]]

[[ 2.09414524e-05]
 [-5.26289873e-06]
 [ 1.17945648e-06]
 [ 2.08653082e-06]
 [-4.22243423e-03]
 [-2.58747368e-02]
 [-3.99144545e-02]
 [-1.52042008e-01]]

[[ 1.59716091e-05]
 [-4.31142221e-06]
 [ 1.35649408e-06]
 [ 1.96836105e-06]
 [-5.00990735e-03]
 [-2.67134329e-02]
 [-5.53078766e-02]
 [-1.50844004e-01]]

[[ 2.52705891e-05]
 [-5.18995946e-06]
 [ 1.49482903e-06]
 [ 2.52006566e-06]
 [-6.25164133e-03]
 [-2.57024509e-02]
 [-4.00105292e-02]
 [-1.44814629e-01]]

[[ 2.12334194e-05]
 [-4.83889563e-06]
 [ 1.67480326e-06]
 [ 2.39830297e-06]
 [-6.80647596e-03]
 [-2.24535255e-02]
 [-3.35098231e-02]
 [-1.56996485e-01]]

[[ 1.66308477e-05]
 [-3.75413033e-06]
 [ 1.82567429e-06]
 [ 2.43710126e-06]
 [-8.44387256e-03]
 [-2.09225572e-02]
 [-4.04318274e-02]
 [-1.65910390e-01]]

[[ 2.02045113e-05]
 [-4.54536382e-06]
 [ 1.86881048e-06]
 [ 2.81664964e-06]
 [-7.56571859e-03]
 [-2.03540524e-02]
 [-5.17406143e-02]
 [-1.58991980e-01]]

[[ 2.27315272e-05]
 [-5.43742237e-06]
 [ 1.83864239e-06]
 [ 2.80296664e-06]
 [-6.82907423e-03]
 [-2.35614072e-02]
 [-3.73539055e-02]
 [-1.53543858e-01]]

[[ 2.11212261e-05]
 [-4.66030326e-06]
 [ 1.80688857e-06]
 [ 2.97886467e-06]
 [-6.76534224e-03]
 [-2.39018459e-02]
 [-3.33877336e-02]
 [-1.57174533e-01]]

[[ 1.89479851e-05]
 [-3.94493630e-06]
 [ 1.81031497e-06]
 [ 2.97764939e-06]
 [-8.46758403e-03]
 [-2.44774921e-02]
 [-3.26672400e-02]
 [-1.64177572e-01]]

[[ 2.23800629e-05]
 [-5.13706181e-06]
 [ 1.70371647e-06]
 [ 2.83561278e-06]
 [-8.92527523e-03]
 [-2.41273856e-02]
 [-4.00241354e-02]
 [-1.65069898e-01]]

[[ 1.43314136e-05]
 [-3.68163661e-06]
 [ 1.58370561e-06]
 [ 3.03532291e-06]
 [-1.03414406e-02]
 [-1.72365636e-02]
 [-5.76492363e-02]
 [-1.51205150e-01]]

[[ 1.55412973e-05]
 [-3.64541899e-06]
 [ 1.64845039e-06]
 [ 2.58182315e-06]
 [-5.04561666e-03]
 [-1.53006018e-02]
 [-5.41760955e-02]
 [-1.35623350e-01]]

[[ 1.20712862e-05]
 [-3.05992168e-06]
 [ 1.46474073e-06]
 [ 2.55861035e-06]
 [-3.77745208e-04]
 [-1.54156916e-02]
 [-4.41013344e-02]
 [-1.23770095e-01]]

[[ 1.50160396e-05]
 [-5.95462369e-06]
 [ 1.48567132e-06]
 [ 1.77750608e-06]
 [ 2.54899888e-03]
 [-9.50138183e-03]
 [-2.85177360e-02]
 [-1.18275057e-01]]

[[ 1.51457224e-05]
 [-5.23359527e-06]
 [ 1.58552461e-06]
 [ 1.99770988e-06]
 [ 3.95537745e-03]
 [-9.33925342e-03]
 [-1.85287367e-02]
 [-1.20585052e-01]]

[[ 1.55004821e-05]
 [-5.36492722e-06]
 [ 1.61154490e-06]
 [ 2.00624196e-06]
 [ 1.91013144e-03]
 [-1.05672089e-02]
 [-1.61482628e-02]
 [-1.23470359e-01]]

[[ 1.51889400e-05]
 [-5.18491748e-06]
 [ 1.64780861e-06]
 [ 2.04323742e-06]
 [-9.54267445e-04]
 [-1.03878869e-02]
 [-1.55157006e-02]
 [-1.26591821e-01]]

[[ 1.42531373e-05]
 [-4.75420922e-06]
 [ 1.66831184e-06]
 [ 2.09934595e-06]
 [-3.65642701e-03]
 [-1.02264720e-02]
 [-1.46114075e-02]
 [-1.30537884e-01]]

[[ 1.45456498e-05]
 [-4.87665251e-06]
 [ 1.66914677e-06]
 [ 2.15206952e-06]
 [-6.24488087e-03]
 [-9.86750977e-03]
 [-1.39521496e-02]
 [-1.34581728e-01]]

[[ 1.45647059e-05]
 [-4.87831321e-06]
 [ 1.67408202e-06]
 [ 2.20788045e-06]
 [-8.74178632e-03]
 [-9.38866243e-03]
 [-1.35130206e-02]
 [-1.38682535e-01]]

[[ 1.43699200e-05]
 [-4.80190225e-06]
 [ 1.69356250e-06]
 [ 2.25083306e-06]
 [-1.19140738e-02]
 [-8.47735335e-03]
 [-1.38353118e-02]
 [-1.40889928e-01]]

[[ 1.42546810e-05]
 [-4.79779981e-06]
 [ 1.70933342e-06]
 [ 2.28691326e-06]
 [-1.51749338e-02]
 [-7.53893517e-03]
 [-1.42265098e-02]
 [-1.42893884e-01]]

[[ 1.38856687e-05]
 [-4.67534803e-06]
 [ 1.74134871e-06]
 [ 2.31557387e-06]
 [-1.91127873e-02]
 [-6.45855204e-03]
 [-1.54011845e-02]
 [-1.43143127e-01]]

[[ 1.35767688e-05]
 [-4.65133051e-06]
 [ 1.76311976e-06]
 [ 2.33397768e-06]
 [-2.30000536e-02]
 [-5.59483249e-03]
 [-1.65380296e-02]
 [-1.43498521e-01]]

[[ 1.31687468e-05]
 [-4.41504408e-06]
 [ 1.80873626e-06]
 [ 2.38216990e-06]
 [-2.71192114e-02]
 [-5.59327053e-03]
 [-1.85267159e-02]
 [-1.42960060e-01]]

[[ 1.21369980e-05]
 [-3.31128842e-06]
 [ 1.81773891e-06]
 [ 2.47797243e-06]
 [-2.87223947e-02]
 [-1.03842639e-02]
 [-2.02938463e-02]
 [-1.41969569e-01]]

[[ 1.31073499e-05]
 [-4.36824435e-06]
 [ 1.74890038e-06]
 [ 2.47077967e-06]
 [-2.93628435e-02]
 [-1.59584279e-02]
 [-1.98535978e-02]
 [-1.42402456e-01]]

[[ 1.22367955e-05]
 [-3.62769379e-06]
 [ 1.81601748e-06]
 [ 2.51650637e-06]
 [-2.73967906e-02]
 [-2.01211476e-02]
 [-1.71383656e-02]
 [-1.41073613e-01]]

[[ 1.23639418e-05]
 [-3.52871780e-06]
 [ 1.90056232e-06]
 [ 2.42129265e-06]
 [-2.52547015e-02]
 [-2.10094082e-02]
 [-1.08588817e-02]
 [-1.32835085e-01]]

[[ 9.62735398e-06]
 [-2.58212778e-06]
 [ 2.25100776e-06]
 [ 2.54627656e-06]
 [-2.42319237e-02]
 [-1.93038609e-02]
 [-1.62345876e-02]
 [-1.26137028e-01]]

[[ 1.02323553e-05]
 [-2.80072162e-06]
 [ 2.21653469e-06]
 [ 2.75729992e-06]
 [-2.49686993e-02]
 [-1.85923528e-02]
 [-1.91864990e-02]
 [-1.26049419e-01]]

[[ 5.74763526e-06]
 [-1.58852356e-06]
 [ 2.09906697e-06]
 [ 3.16741082e-06]
 [-2.67019676e-02]
 [-1.29079833e-02]
 [-3.38499878e-02]
 [-1.33298310e-01]]

[[ 5.15963355e-06]
 [-2.41591239e-06]
 [ 2.08356184e-06]
 [ 3.26090191e-06]
 [-2.39695055e-02]
 [-2.10708650e-02]
 [-2.92360262e-02]
 [-1.27754074e-01]]

[[ 3.90139293e-06]
 [-1.83773626e-06]
 [ 1.94530761e-06]
 [ 3.50295696e-06]
 [-2.22828437e-02]
 [-2.29564255e-02]
 [-2.59887994e-02]
 [-1.29728987e-01]]

[[ 3.98325203e-06]
 [-1.80557661e-06]
 [ 1.78040504e-06]
 [ 3.75579382e-06]
 [-2.09365517e-02]
 [-2.36906013e-02]
 [-1.65606980e-02]
 [-1.27511638e-01]]

[[ 5.87771292e-06]
 [-2.29339384e-06]
 [ 1.57068140e-06]
 [ 3.89601574e-06]
 [-1.89418950e-02]
 [-2.36813016e-02]
 [-1.03383107e-02]
 [-1.20066463e-01]]

[[ 5.74093848e-06]
 [-2.77235112e-06]
 [ 1.08505019e-06]
 [ 3.84498410e-06]
 [-1.19919505e-02]
 [-2.14532133e-02]
 [-1.28664119e-02]
 [-1.03486329e-01]]

[[ 5.73864198e-06]
 [-2.61942915e-06]
 [ 1.10221096e-06]
 [ 3.55011196e-06]
 [-1.06308019e-02]
 [-1.90506758e-02]
 [-2.05796774e-02]
 [-9.63269087e-02]]

[[-6.15294777e-06]
 [ 1.61153154e-06]
 [ 2.29297348e-06]
 [-1.03148243e-06]
 [-9.21021049e-03]
 [-1.94379513e-02]
 [-1.65532725e-02]
 [-8.95489115e-02]]